version https://git-lfs.github.com/spec/v1
oid sha256:922d7176e71ed3d3ef1a201bc69b25ea3a6f582b8c55cf880f55f7369b17e5e1
size 4564
